% for section 3.1
% n=100, mupb=0.05,ldgelprob=0.15
scM1 = [120.0000  120.0000  120.0000  120.0000  120.0000  120.0000  120.0000  120.0000  120.0000  120.0000
  119.0000   76.9000  102.4500  105.4020  116.0000  109.0001  109.5000  117.5000  115.0000  118.0000
  103.4000   73.0500   89.8500  103.2270  101.0500  106.1500  105.1000  109.9000   85.9500  104.4000
   94.6250   64.8375   85.8750   91.0895   97.7250   79.6388  103.2000  102.1750   84.4563   88.2906
   88.1567   62.0813   77.4313   78.0823   90.7000   64.9199   88.0461   98.4690   79.0395   86.1102
   75.6351   56.5813   71.1258   70.5370   81.9563   58.4126   82.8898   93.2893   68.2929   79.0623
   69.8840   52.1086   54.1340   62.8549   74.9084   53.8145   75.1276   86.3473   63.1117   71.0839
   61.1167   45.7963   47.0945   52.3493   68.9663   49.8654   68.6721   76.8796   57.2280   63.3672
   55.5516   41.3902   41.7721   46.0789   63.0384   45.6958   62.9291   69.9340   51.5791   58.6096
   50.1732   37.9955   37.2412   41.2789   56.7854   41.6900   57.1803   63.7895   46.5904   53.1388
   46.3336   35.0020   33.1679   37.2840   50.6444   37.6339   51.8574   57.9542   41.5978   48.5482
   42.4951   31.5745   28.8675   33.3208   45.9782   34.2125   46.9353   52.7558   38.0314   43.6027
   38.5728   28.7362   25.0395   29.8179   41.4999   31.0981   42.4873   47.9320   34.4020   39.7328
   34.7918   26.1744   21.4926   26.4712   37.4145   28.0022   38.5292   43.6487   31.1816   36.1454
   31.6234   23.6424   18.2293   23.2881   33.7676   25.2136   35.0015   39.6252   28.1320   32.8225
   28.6527   21.2608   15.1685   20.4198   30.2648   22.7314   31.5724   36.0939   25.3352   29.6291];

%n=200;

scM2 = [240.0000  240.0000  240.0000  240.0000  240.0000  240.0000  240.0000  240.0000  240.0000  240.0000
  235.8000  226.9500  233.9000  147.5500  228.9000  166.1500  231.7000  233.0500  228.6000  235.3000
  227.7000  216.4750  184.1000  136.6750  207.8500  132.3375  221.6375  228.9500  205.5250  226.3000
  193.6626  208.2375  174.6812  127.6375  203.0750  118.0750  184.9875  205.4625  198.9719  187.2125
  186.7938  181.6641  160.4187  116.0016  192.7625  105.5406  168.2969  192.8580  186.2695  167.9463
  171.0845  163.6119  144.0563  104.5409  179.4436   92.5883  150.2203  179.8695  154.9853  144.3354
  158.7005  144.7880  127.7440   94.0461  164.7632   83.0795  136.6223  168.1392  141.7584  129.9048
  141.9895  133.7610  115.6786   84.6676  149.2041   75.0292  125.5995  153.8350  131.9138  114.6203
  130.1424  123.8810  105.0868   76.4480  133.6828   69.9750  116.7551  139.6666  121.2005  104.0399
  118.4022  112.8591   95.2852   69.5977  122.3189   63.8075  105.7045  128.8218  109.3372   93.6701
  105.9543  103.2326   86.8058   63.8007  111.2195   58.4439   95.9338  117.4384  100.1780   85.2064
   96.8954   93.6262   78.5843   57.8711  101.8132   52.7280   87.5988  107.3508   90.9886   77.5077
   87.9989   84.9975   70.7013   52.3945   92.6540   47.5463   79.3237   97.4704   82.4093   70.1299
   79.9696   77.3708   64.0166   47.3977   83.9652   42.7487   71.7461   88.3825   75.3058   63.7808
   72.3164   70.2340   57.8812   43.1176   76.0279   38.6352   65.0827   80.2247   68.3622   57.9546
   65.6572   63.5286   52.3325   38.9357   68.7847   34.8962   58.8300   72.4786   62.1461   52.4781];

%n=300

scM3 = [360.0000  360.0000  360.0000  360.0000  360.0000  360.0000  360.0000  360.0000  360.0000  360.0000
  346.3000  347.7500  349.0000  233.5500  309.9156  343.3000  344.2000  349.4000  353.4000  347.5500
  293.3406  316.4500  314.9000  223.3500  276.7156  331.1250  284.3750  335.5500  343.0750  281.2625
  271.5031  296.1510  304.4453  207.2687  247.2281  296.8000  239.8250  296.7375  329.7125  256.7815
  260.5315  259.7994  293.1572  197.1203  232.7291  280.0207  216.6375  273.9562  299.8063  244.3087
  240.3488  238.7533  268.1716  181.1098  214.0489  248.7102  199.1909  246.8746  266.1508  222.2111
  222.7566  215.2377  246.3421  170.9034  195.4348  229.6970  186.2391  223.5661  244.2430  206.7193
  203.9964  196.2216  225.4762  152.5012  173.8806  208.5406  169.5250  210.3043  229.5174  191.0684
  185.2876  179.0915  207.0381  136.8529  158.8282  189.0997  158.2574  191.2549  208.8288  175.6113
  167.8280  163.2115  190.2573  123.3081  144.8046  174.1031  145.1810  172.5076  191.9709  158.5686
  152.8444  148.3077  173.0431  111.0668  131.3656  158.5246  134.3722  157.5162  175.7294  143.5312
  139.0080  135.6772  157.5269  101.4585  119.1365  144.8478  122.6054  143.1171  159.2289  130.1078
  126.5030  123.3116  142.7415   90.9021  108.5189  131.5575  111.3889  130.1674  144.4120  118.0152
  114.7569  111.9543  129.4368   82.4273   98.4291  119.4751  101.5883  118.2884  131.0556  106.5240
  104.1423  101.9710  117.1924   74.8773   89.3561  108.5407   92.2819  107.3235  118.6710   96.6257
   94.4477   92.2836  106.5352   67.7429   81.0440   98.2331   83.4762   97.5161  107.4822   87.5537];

%n=400
scM4 = [480.0000  480.0000  480.0000  480.0000  480.0000  480.0000  480.0000  480.0000  480.0000  480.0000
  461.8500  459.2500  463.4500  457.0000  234.9000  464.2500  153.7000  442.1500  466.1000  441.6500
  444.0250  317.8500  447.9250  439.5250  227.5000  448.4750  150.5020  420.6828  444.5750  394.7563
  405.5187  305.2437  404.9760  388.0000  194.5500  433.1625  120.8515  403.2391  420.2945  353.7938
  368.0281  290.3094  385.4354  328.0536  187.0556  392.5937  113.9705  368.0274  406.3820  330.8789
  355.2303  265.0453  357.3334  288.9229  168.5178  356.1070  104.0518  336.7842  367.4369  299.3483
  309.2753  241.8269  319.3977  271.7911  152.7420  328.5477   92.6250  302.7063  339.1962  256.4050
  270.5937  218.3071  291.6585  249.0119  138.9432  299.4018   83.0003  274.6408  303.7791  235.8175
  249.8722  196.6716  262.8981  229.2964  125.5482  273.0225   75.3496  247.4073  279.5993  212.8526
  223.4391  178.9216  240.1406  211.7164  115.1920  247.5969   67.8553  225.0081  256.0006  191.8831
  203.4752  163.3175  219.9069  193.6264  104.9962  227.7831   61.6477  207.9262  233.1609  175.6539
  185.0032  148.2318  200.2056  177.6808   95.8859  208.6330   56.2669  187.8156  213.0175  160.0484
  167.7066  135.5734  181.5409  161.4396   86.3049  190.6435   51.0747  171.9628  193.9005  145.8826
  152.3185  122.9868  165.2684  147.4481   77.4659  173.0378   45.3952  156.4663  176.6215  133.1747
  138.7466  112.1736  150.6353  133.7755   69.5065  157.0696   40.9445  142.0168  160.6583  120.7967
  126.1110  101.3394  136.4994  121.7118   62.0167  142.8660   36.4933  128.9156  145.8571  109.5873];

% for section 3.1
% n=100, mupb=0.1,ldgelprob=0.15
scM5 = [120.0000  120.0000  120.0000  120.0000  120.0000  120.0000  120.0000  120.0000  120.0000  120.0000
  110.1000  104.8000  113.7500  116.5000   88.9000  113.7000  114.9000  111.3000   98.1000  111.6500
   73.2500   98.0125  101.2828   96.1750   80.2500  109.3000  110.7250   87.9375   86.9000   97.8385
   58.5250   89.9219   79.3078   83.7875   73.4281   97.4251   96.6938   69.4813   76.8250   88.7947
   54.4938   80.1859   69.0066   71.9024   68.2594   77.0762   87.4906   62.0594   70.1531   76.6682
   50.2031   70.8773   59.2318   62.4913   61.2483   65.0275   78.7822   53.2955   62.3414   67.1333
   42.6697   59.8820   51.6506   52.6450   53.4296   55.1656   70.1720   46.3976   56.8322   57.6201
   36.9588   51.7689   44.9546   44.7781   45.6220   48.3541   61.2078   38.5644   50.2935   50.5174
   32.7260   45.2008   39.4177   38.6492   39.3738   42.0087   54.0091   34.0217   43.2225   44.7020
   28.2611   39.2321   30.7507   33.2740   34.0840   35.7144   46.3827   29.3783   35.9551   38.7153
   23.8223   34.1037   26.0089   27.8046   29.0919   30.6494   39.8132   25.1386   30.7509   33.0331
   20.4460   29.4199   21.4903   23.7214   24.8378   26.4720   34.3549   21.5250   26.2304   28.1861
   17.2406   25.2477   17.6350   20.1892   21.2781   22.2266   29.1513   18.4121   22.1093   23.7531
   14.4410   21.4558   14.1318   16.8739   17.8967   18.7868   24.9750   15.3518   18.6696   19.9362
   11.9289   18.1644   11.1461   13.7802   15.0212   15.4083   21.1342   12.6561   15.4794   16.7907
    9.5348   15.2137    8.3959   11.2281   12.4331   12.5735   17.8742   10.0963   12.6526   14.0303];

%n=200
scM6 = [240.0000  240.0000  240.0000  240.0000  240.0000  240.0000  240.0000  240.0000  240.0000  240.0000
  165.0500  214.4000  222.5000  220.8000  224.1000  220.2000  209.5000  226.6000  227.7000  216.6250
  126.7510  193.2750  202.3500  209.0250  208.6500  207.8500  195.9250  191.8500  213.6000  146.6531
  110.1380  178.3562  183.7937  166.7375  182.0875  165.3500  148.6125  179.1187  196.3227  113.9411
  101.2911  159.9617  161.6453  153.6813  151.7516  150.5969  126.8953  159.7094  157.6207  102.6710
   90.9979  137.4223  138.0406  133.8123  136.3609  129.8718  107.3793  143.2810  142.6771   91.4983
   79.0501  118.4519  112.4920  118.3515  110.0226  115.1268   97.0236  131.4005  125.6313   80.7566
   70.5917  101.5046   98.8308  102.4731   93.3588  100.9647   82.1770  114.7574  110.5442   70.2740
   60.9529   85.5354   87.3761   89.9638   79.4784   88.8531   71.7628   98.8805   96.4547   61.1826
   52.9626   73.7576   75.5805   77.6730   69.6745   77.3932   62.3359   86.2619   84.4613   53.0047
   45.9791   63.3543   65.0573   66.6409   60.7201   68.1644   53.9449   75.2649   73.9539   44.5500
   38.0449   54.4757   55.7389   57.7982   52.3996   58.6463   46.9131   65.3367   63.9596   38.5160
   32.4934   46.8762   48.0003   49.3635   45.2028   50.2892   40.1180   56.1984   55.2317   32.5080
   27.5269   40.2189   41.1827   42.5751   38.4888   42.7811   34.3088   48.1815   47.5641   27.5590
   23.0924   34.4070   35.2603   36.6286   32.9128   35.8818   28.8813   41.3236   40.6301   23.1421
   18.8216   29.2526   29.8332   31.2631   28.1523   30.3717   24.2900   34.9352   34.5598   19.0563];
%n=300
scM7 = [ 360.0000  360.0000  360.0000  360.0000  360.0000  360.0000  360.0000  360.0000  360.0000  360.0000
  337.8000  234.9000  328.0000  342.5500  337.3500  279.9000  335.0000  338.6500  325.3250  332.3500
  295.3000  207.7500  271.3750  319.8000  314.8125  257.1750  244.0000  303.4375  237.1250  306.2375
  245.1937  193.5750  254.7625  282.6062  249.8947  213.3188  219.2812  206.4779  220.6625  288.4687
  197.1268  162.5094  227.3789  248.4523  222.4322  172.2971  171.1313  182.4773  194.0395  260.9523
  178.4491  143.0038  204.5271  221.6991  190.8724  155.0124  154.6652  149.3677  169.3619  234.5559
  145.1800  122.4628  174.3227  197.8933  166.3781  133.7497  135.5048  123.9915  152.1995  207.2604
  127.1095  108.0648  152.4470  174.4635  143.1848  113.6416  100.0969  108.6289  132.8488  185.5547
  112.1158   93.4894  134.4486  154.8704  127.7352   99.9328   85.4710   94.8562  117.1666  162.6979
   96.7417   81.3325  118.3704  134.6301  110.1770   86.4489   71.3859   82.8971  103.1697  140.7180
   83.1351   69.6672   99.3944  118.0394   94.7786   73.1594   58.8850   70.9247   90.1604  123.3672
   72.1475   60.6819   85.4147  102.4961   81.9213   63.2406   44.6124   60.5584   77.5072  107.5449
   62.3365   52.1975   74.0207   88.3151   70.7005   54.6327   35.4146   52.3038   67.4655   93.0109
   53.2175   44.7814   63.7972   76.0495   60.6234   46.5921   26.5962   45.0502   57.7342   80.4293
   45.7433   38.5363   54.7297   65.8258   51.8196   39.6257   18.8720   38.7251   49.4613   69.5900
   39.0382   32.8590   46.8766   56.9073   44.3152   33.6046   12.3842   32.9327   42.0513   59.9554];

%n=400
scM8 = [480.0000  480.0000  480.0000  480.0000  480.0000  480.0000  480.0000  480.0000  480.0000  480.0000
  452.2500  436.6500  446.7000  448.6500  401.0000  437.5000  442.1500  444.9500  450.2000  307.1000
  421.6750  403.1750  409.6750  363.3687  376.2625  357.2000  402.7250  296.2250  420.2250  229.4539
  361.9500  360.2156  384.3187  332.9062  294.2500  328.8891  372.0063  240.1656  386.5906  207.7664
  324.3813  322.0498  342.9654  307.2469  264.2188  293.6025  321.6021  218.8157  355.1000  182.0928
  280.9748  295.6571  305.9819  272.5772  139.0951  263.1813  285.2874  185.4457  323.3393  159.0545
  244.2119  259.0691  262.5203  242.3350  111.9237  216.6070  251.3384  162.8709  283.0472  137.0239
  216.4514  225.5725  228.5027  211.1089   79.4707  194.2781  218.7547  135.6811  243.6091  116.7767
  186.8564  198.6138  201.9741  183.1459   56.7939  167.4580  187.0535  118.8968  214.6876   87.8723
  164.3067  172.9607  178.2968  161.2578   36.7031  146.5273  162.7424  104.4450  188.9630   75.9795
  144.2533  150.6955  153.9835  140.5107   17.6551  128.3734  141.5365   91.5215  166.7742   64.0045
  125.4805  130.6070  134.4360  122.3996    2.2074  110.8124  123.4417   79.8635  145.9428   54.0301
  109.7631  113.3085  116.1558  106.2835  -11.5624   96.1085  107.2837   69.7478  127.7974   45.2871
   94.7859   98.5582  100.8155   91.9253  -23.6712   82.8915   92.9238   60.0459  111.4338   37.6378
   82.4120   85.7851   86.9749   79.1423  -34.5172   71.0497   80.4230   51.2345   96.8310   30.7819
   70.7810   74.4226   75.1344   68.0178  -43.9325   61.0309   69.2434   43.8531   83.9826   24.8185];
